[array([[  0.,   0.,   0.],
       [112., 237.,  53.],
       [112., 240., 126.],
       [110., 235., 192.],
       [124., 235., 187.],
       [117., 235., 195.],
       [118., 224., 204.],
       [118., 237., 193.],
       [128., 259., 191.],
       [128., 259., 214.],
       [128., 265., 225.],
       [147., 268., 227.],
       [164., 267., 219.],
       [170., 267., 220.],
       [185., 271., 215.],
       [201., 281., 214.],
       [212., 281., 208.],
       [216., 315., 200.],
       [216., 357., 195.],
       [215., 357., 204.],
       [215., 357., 213.],
       [210., 357., 221.],
       [208., 354., 230.],
       [208., 349., 235.],
       [208., 364., 229.],
       [209., 376., 239.],
       [218., 376., 234.],
       [220., 398., 220.],
       [220., 408., 214.],
       [227., 428., 200.],
       [240., 428., 197.],
       [236., 448., 191.],
       [237., 449., 197.],
       [244., 449., 197.],
       [251., 440., 197.],
       [260., 440., 197.],
       [264., 445., 217.],
       [268., 462., 213.],
       [273., 466., 213.],
       [273., 469., 222.],
       [299., 464., 196.],
       [299., 456., 196.],
       [301., 456., 196.],
       [301., 453., 218.],
       [301., 453., 227.],
       [301., 459., 225.],
       [304., 459., 225.],
       [304., 469., 241.],
       [321., 469., 238.],
       [317., 483., 235.],
       [317., 483., 243.]]), array([[  0.,   0.,   0.],
       [107., 200.,  46.],
       [105., 196.,  46.],
       [104., 203.,  46.],
       [107., 200.,  53.],
       [106., 203.,  53.],
       [108., 204.,  53.],
       [111., 197.,  53.],
       [111., 193.,  55.],
       [109., 193.,  55.],
       [109., 206.,  55.],
       [112., 215.,  55.],
       [117., 229.,  55.],
       [117., 230.,  55.],
       [117., 228.,  55.],
       [117., 229.,  55.],
       [118., 226.,  55.],
       [113., 225.,  55.],
       [113., 228.,  55.],
       [130., 223.,  55.],
       [130., 222.,  55.],
       [130., 222.,  55.],
       [130., 225.,  55.],
       [129., 232.,  55.],
       [126., 232.,  55.],
       [126., 231.,  55.],
       [138., 229.,  55.],
       [138., 230.,  55.],
       [142., 242.,  55.],
       [140., 249.,  55.],
       [159., 242.,  55.],
       [159., 238.,  55.],
       [180., 220.,  55.],
       [182., 215.,  55.],
       [195., 214.,  55.],
       [190., 214.,  55.],
       [193., 204.,  55.],
       [204., 191.,  55.],
       [204., 193.,  55.],
       [204., 194.,  55.],
       [207., 205.,  55.],
       [207., 201.,  55.],
       [207., 204.,  55.],
       [211., 209.,  55.],
       [211., 208.,  55.],
       [211., 199.,  55.],
       [204., 193.,  55.],
       [204., 208.,  55.],
       [203., 204.,  55.],
       [202., 206.,  55.],
       [222., 191.,  55.]]), array([[  0.,   0.,   0.],
       [ 90., 215.,  84.],
       [ 90., 430.,  76.],
       [112., 420.,  76.],
       [124., 413.,  76.],
       [142., 402.,  76.],
       [145., 412.,  76.],
       [143., 408.,  76.],
       [143., 408.,  76.],
       [139., 399.,  76.],
       [144., 406.,  76.],
       [140., 406.,  76.],
       [147., 424.,  76.],
       [151., 424.,  76.],
       [148., 424.,  76.],
       [148., 432.,  76.],
       [152., 432.,  79.],
       [152., 443.,  79.],
       [152., 453.,  81.],
       [152., 459.,  81.],
       [155., 456.,  81.],
       [155., 465.,  81.],
       [161., 467.,  81.],
       [161., 467.,  82.],
       [156., 463.,  80.],
       [156., 471.,  80.],
       [156., 469.,  70.],
       [155., 474.,  70.],
       [155., 474.,  70.],
       [155., 471.,  76.],
       [154., 472.,  76.],
       [153., 473.,  76.],
       [160., 468.,  76.],
       [160., 468.,  81.],
       [160., 468.,  81.],
       [160., 491.,  81.],
       [162., 491.,  81.],
       [155., 495.,  81.],
       [155., 495.,  81.],
       [155., 496.,  81.],
       [154., 496.,  81.],
       [156., 501.,  81.],
       [158., 508.,  81.],
       [161., 513.,  81.],
       [159., 512.,  81.],
       [155., 507.,  81.],
       [155., 509.,  81.],
       [160., 509.,  81.],
       [160., 511.,  81.],
       [159., 529.,  83.],
       [159., 529.,  83.]]), array([[  0.,   0.,   0.],
       [214., 224.,  87.],
       [214., 223.,  87.],
       [214., 230.,  87.],
       [214., 230.,  87.],
       [214., 230.,  87.],
       [214., 230., 101.],
       [214., 237.,  92.],
       [214., 260.,  81.],
       [214., 273.,  76.],
       [214., 294.,  74.],
       [214., 315.,  64.],
       [209., 336.,  55.],
       [209., 358.,  50.],
       [204., 382.,  46.],
       [204., 373.,  50.],
       [204., 373.,  61.],
       [204., 404.,  60.],
       [204., 430.,  55.],
       [204., 444.,  51.],
       [204., 444.,  51.],
       [204., 462.,  43.],
       [204., 462.,  43.],
       [204., 461.,  43.],
       [198., 471.,  43.],
       [194., 471.,  43.],
       [194., 471.,  43.],
       [194., 464.,  43.],
       [194., 456.,  43.],
       [188., 456.,  43.],
       [188., 464.,  43.],
       [188., 453.,  50.],
       [188., 446.,  50.],
       [188., 438.,  50.],
       [188., 437.,  50.],
       [189., 431.,  50.],
       [190., 438.,  59.],
       [190., 446.,  59.],
       [188., 445.,  65.],
       [207., 438.,  65.],
       [203., 447.,  65.],
       [216., 436.,  65.],
       [216., 433.,  65.],
       [216., 441.,  65.],
       [238., 441.,  65.],
       [258., 429.,  65.],
       [278., 425.,  65.],
       [272., 423.,  65.],
       [297., 402.,  65.],
       [297., 400.,  65.],
       [304., 384.,  65.]]), array([[  0.,   0.,   0.],
       [148., 187.,  53.],
       [147., 178.,  53.],
       [141., 178.,  53.],
       [141., 183.,  53.],
       [141., 186.,  62.],
       [142., 183.,  62.],
       [143., 207.,  58.],
       [143., 207.,  58.],
       [147., 204.,  58.],
       [147., 204.,  58.],
       [151., 230.,  46.],
       [158., 249.,  42.],
       [158., 262.,  52.],
       [158., 262.,  52.],
       [157., 263.,  60.],
       [159., 249.,  60.],
       [160., 252.,  60.],
       [160., 253.,  67.],
       [160., 246.,  67.],
       [160., 246.,  67.],
       [163., 243.,  73.],
       [163., 234.,  85.],
       [157., 251.,  83.],
       [161., 250.,  83.],
       [156., 260.,  83.],
       [152., 259.,  90.],
       [158., 259.,  90.],
       [161., 264.,  90.],
       [156., 265.,  90.],
       [157., 254.,  90.],
       [161., 247.,  90.],
       [158., 246.,  90.],
       [159., 253.,  90.],
       [166., 255.,  93.],
       [165., 269.,  81.],
       [167., 263.,  96.],
       [180., 271.,  85.],
       [182., 275.,  85.],
       [188., 269.,  85.],
       [205., 275.,  74.],
       [223., 279.,  70.],
       [223., 266.,  70.],
       [229., 266.,  70.],
       [252., 263.,  68.],
       [252., 264.,  68.],
       [250., 264.,  68.],
       [277., 263.,  62.],
       [273., 266.,  62.],
       [288., 254.,  60.],
       [309., 246.,  55.]]), array([[  0.,   0.,   0.],
       [199., 224.,  85.],
       [192., 231.,  85.],
       [190., 227.,  85.],
       [190., 227.,  85.],
       [190., 225.,  85.],
       [184., 214.,  85.],
       [184., 226.,  85.],
       [184., 219.,  85.],
       [184., 219.,  85.],
       [184., 219.,  85.],
       [184., 223.,  85.],
       [184., 231.,  85.],
       [184., 236.,  91.],
       [184., 243.,  91.],
       [184., 246., 109.],
       [181., 254., 120.],
       [184., 260., 116.],
       [184., 260., 116.],
       [190., 260., 116.],
       [193., 257., 125.],
       [198., 259., 142.],
       [199., 245., 142.],
       [201., 246., 142.],
       [202., 251., 147.],
       [207., 256., 155.],
       [197., 242., 155.],
       [197., 242., 163.],
       [199., 250., 175.],
       [201., 255., 183.],
       [205., 246., 182.],
       [203., 232., 187.],
       [204., 235., 187.],
       [206., 236., 191.],
       [212., 236., 191.],
       [217., 228., 191.],
       [217., 230., 191.],
       [219., 226., 191.],
       [221., 223., 191.],
       [219., 226., 191.],
       [219., 220., 191.],
       [219., 219., 191.],
       [211., 225., 191.],
       [209., 227., 194.],
       [214., 231., 194.],
       [219., 232., 199.],
       [218., 232., 199.],
       [218., 237., 199.],
       [222., 236., 199.],
       [219., 249., 199.],
       [222., 250., 199.]]), array([[  0.,   0.,   0.],
       [178., 224.,  45.],
       [178., 224.,  45.],
       [178., 236.,  46.],
       [175., 220.,  46.],
       [175., 228.,  46.],
       [175., 229.,  59.],
       [175., 230.,  69.],
       [175., 230.,  74.],
       [170., 230.,  74.],
       [167., 230.,  69.],
       [175., 230.,  71.],
       [175., 230.,  81.],
       [175., 231.,  81.],
       [175., 231.,  94.],
       [175., 222.,  97.],
       [175., 222.,  97.],
       [175., 233., 103.],
       [174., 228., 103.],
       [174., 224., 103.],
       [174., 235., 100.],
       [174., 249., 110.],
       [174., 250., 113.],
       [174., 257., 122.],
       [174., 275., 122.],
       [172., 268., 120.],
       [172., 285., 126.],
       [172., 280., 126.],
       [172., 280., 126.],
       [172., 286., 120.],
       [172., 282., 120.],
       [172., 269., 120.],
       [172., 260., 120.],
       [172., 264., 126.],
       [172., 263., 134.],
       [174., 265., 134.],
       [174., 260., 134.],
       [179., 262., 134.],
       [176., 257., 134.],
       [172., 275., 134.],
       [172., 275., 144.],
       [172., 275., 144.],
       [172., 272., 144.],
       [173., 276., 164.],
       [173., 270., 164.],
       [177., 275., 164.],
       [177., 281., 164.],
       [177., 270., 164.],
       [173., 264., 160.],
       [173., 268., 154.],
       [173., 268., 154.]]), array([[  0.,   0.,   0.],
       [130., 250.,  87.],
       [129., 246.,  87.],
       [129., 239.,  87.],
       [130., 239.,  87.],
       [127., 232.,  87.],
       [128., 233.,  87.],
       [129., 233.,  87.],
       [147., 226.,  87.],
       [143., 231.,  87.],
       [155., 222.,  89.],
       [148., 222.,  89.],
       [152., 236.,  89.],
       [149., 242.,  89.],
       [149., 243.,  89.],
       [149., 249.,  82.],
       [148., 238.,  91.],
       [150., 235.,  89.],
       [152., 237.,  78.],
       [150., 235.,  78.],
       [146., 241.,  78.],
       [149., 241.,  83.],
       [149., 248.,  90.],
       [149., 254.,  90.],
       [151., 264.,  93.],
       [144., 264.,  93.],
       [143., 262.,  93.],
       [143., 274.,  93.],
       [143., 283.,  93.],
       [142., 276.,  93.],
       [143., 294.,  93.],
       [136., 299.,  93.],
       [140., 309.,  93.],
       [152., 309.,  93.],
       [155., 307.,  93.],
       [157., 314.,  93.],
       [159., 314.,  93.],
       [159., 314.,  93.],
       [159., 309.,  93.],
       [165., 306.,  93.],
       [165., 320., 110.],
       [159., 326., 118.],
       [163., 326., 118.],
       [167., 333., 119.],
       [167., 315., 119.],
       [171., 322., 119.],
       [173., 323., 119.],
       [181., 323., 119.],
       [184., 321., 119.],
       [184., 321., 119.],
       [184., 327., 119.]]), array([[  0.,   0.,   0.],
       [194., 240.,  61.],
       [194., 237.,  61.],
       [197., 237.,  61.],
       [197., 224.,  61.],
       [193., 218.,  61.],
       [192., 226.,  61.],
       [225., 219.,  61.],
       [240., 211.,  61.],
       [274., 211.,  70.],
       [285., 205.,  58.],
       [316., 194.,  58.],
       [333., 187.,  58.],
       [339., 179.,  58.],
       [336., 172.,  58.],
       [337., 166.,  58.],
       [343., 165.,  66.],
       [344., 177.,  66.],
       [346., 178.,  66.],
       [340., 178.,  66.],
       [333., 179.,  65.],
       [332., 183.,  65.],
       [334., 179.,  65.],
       [338., 175.,  65.],
       [338., 170.,  65.],
       [333., 169.,  65.],
       [333., 169.,  65.],
       [329., 174.,  65.],
       [329., 168.,  65.],
       [323., 165.,  65.],
       [326., 161.,  65.],
       [326., 169.,  65.],
       [322., 173.,  65.],
       [322., 181.,  86.],
       [325., 179.,  86.],
       [319., 170.,  86.],
       [319., 175.,  86.],
       [319., 178.,  86.],
       [325., 178.,  90.],
       [325., 183.,  90.],
       [321., 177.,  90.],
       [317., 175.,  90.],
       [317., 169.,  90.],
       [317., 166.,  90.],
       [320., 162.,  90.],
       [320., 162.,  90.],
       [320., 170., 102.],
       [321., 179., 102.],
       [321., 183., 102.],
       [323., 195., 102.],
       [323., 198., 102.]]), array([[  0.,   0.,   0.],
       [131., 249.,  82.],
       [131., 249., 137.],
       [131., 290., 132.],
       [146., 302., 128.],
       [159., 303., 125.],
       [178., 295., 104.],
       [178., 299., 104.],
       [198., 296.,  99.],
       [219., 297.,  93.],
       [239., 293.,  89.],
       [251., 299.,  89.],
       [270., 291.,  82.],
       [270., 294.,  82.],
       [267., 323.,  73.],
       [267., 334.,  73.],
       [267., 333.,  73.],
       [267., 348.,  73.],
       [275., 348.,  73.],
       [298., 349.,  83.],
       [298., 358.,  83.],
       [298., 352.,  83.],
       [298., 352.,  83.],
       [298., 358.,  83.],
       [298., 360.,  83.],
       [298., 361.,  83.],
       [298., 381.,  79.],
       [298., 389.,  79.],
       [300., 374.,  79.],
       [300., 371.,  79.],
       [299., 376.,  79.],
       [297., 372.,  87.],
       [294., 372.,  87.],
       [315., 358.,  87.],
       [314., 358.,  87.],
       [327., 354.,  87.],
       [327., 354.,  87.],
       [327., 356.,  87.],
       [343., 351.,  92.],
       [341., 342.,  92.],
       [341., 352.,  92.],
       [341., 351.,  92.],
       [340., 356.,  92.],
       [340., 354.,  92.],
       [340., 353.,  92.],
       [340., 350.,  92.],
       [340., 353.,  92.],
       [340., 353.,  92.],
       [342., 356.,  92.],
       [342., 355.,  92.],
       [342., 355.,  92.]])]
